           1  0.525234401    
           2  0.529922068    
           3  0.537638605    
           4  0.548247814    
           5  0.561574817    
           6  0.577417552    
           7  0.595558882    
           8  0.615776896    
           9  0.637853563    
          10  0.661580265    
          11  0.686761498    
          12  0.713217437    
          13  0.740784526    
          14  0.769315243    
          15  0.798677206    
          16  0.828751683    
          17  0.859433115    
          18  0.890627503    
          19  0.922250926    
          20  0.954227686    
          21  0.986490786    
          22   1.01897991    
          23   1.05164027    
          24   1.08442283    
          25   1.11728311    
          26   1.15017986    
          27   1.18307650    
          28   1.21593857    
          29   1.24873447    
          30   1.28143561    
          31   1.31401432    
          32   1.34644628    
          33   1.37870741    
          34   1.41077578    
          35   1.44263089    
          36   1.47425294    
          37   1.50562382    
          38   1.53672588    
          39   1.56754196    
          40   1.59805691    
          41   1.62825501    
          42   1.65812194    
          43   1.68764389    
          44   1.71680760    
          45   1.74560022    
          46   1.77400863    
          47   1.80202222    
          48   1.82962871    
          49   1.85681760    
          50   1.88357759    
          51   1.90989816    
          52   1.93577003    
          53   1.96118319    
          54   1.98612821    
          55   2.01059604    
          56   2.03457808    
          57   2.05806518    
          58   2.08104992    
          59   2.10352397    
          60   2.12547922    
          61   2.14690852    
          62   2.16780448    
          63   2.18815994    
          64   2.20796871    
          65   2.22722411    
          66   2.24591923    
          67   2.26404786    
          68   2.28160477    
          69   2.29858398    
          70   2.31498003    
          71   2.33078790    
          72   2.34600186    
          73   2.36061788    
          74   2.37463069    
          75   2.38803625    
          76   2.40083075    
          77   2.41300893    
          78   2.42456770    
          79   2.43550348    
          80   2.44581318    
          81   2.45549297    
          82   2.46454048    
          83   2.47295213    
          84   2.48072600    
          85   2.48785925    
          86   2.49435019    
          87   2.50019646    
          88   2.50539613    
          89   2.50994802    
          90   2.51385021    
          91   2.51710200    
          92   2.51970196    
          93   2.52164984    
          94   2.52294493    
          95   2.52358627    
          96   2.52357411    
          97   2.52290845    
          98   2.52158928    
          99   2.51961732    
         100   2.51699281    
